1 0.86875 0.8 0.0578125 0.065625
9 0.85859375 0.90078125 0.0390625 0.05390625
2 0.6734375 0.2890625 0.0921875 0.08671875
2 0.93984375 0.18125 0.08671875 0.08984375
2 0.64921875 0.1890625 0.0890625 0.0796875
2 0.56875 0.1875 0.08203125 0.0890625
2 0.65390625 0.67734375 0.08203125 0.08203125
2 0.5796875 0.678125 0.0859375 0.0796875
2 0.57265625 0.78359375 0.07890625 0.08515625
2 0.6515625 0.7828125 0.0828125 0.0828125
2 0.9734375 0.79765625 0.05234375 0.10390625
2 0.975 0.89765625 0.04921875 0.0859375