1 0.89765625 0.8078125 0.0625 0.07109375
9 0.88671875 0.9171875 0.0421875 0.05859375
2 0.68671875 0.2546875 0.09921875 0.09375
2 0.96484375 0.1359375 0.0703125 0.096875
2 0.66015625 0.14609375 0.09609375 0.08671875
2 0.57265625 0.14453125 0.08828125 0.09609375
2 0.66484375 0.675 0.08828125 0.08828125
2 0.58515625 0.67578125 0.09296875 0.08671875
2 0.5765625 0.78984375 0.08515625 0.0921875
2 0.66171875 0.7890625 0.08984375 0.08984375
2 0.99140625 0.80546875 0.0171875 0.1125
2 0.99296875 0.91328125 0.0140625 0.09375