3 0.51328125 0.06640625 0.0734375 0.1109375
3 0.6359375 0.065625 0.075 0.109375
8 0.78046875 0.09765625 0.128125 0.05078125
2 0.38046875 0.23515625 0.10234375 0.10859375
2 0.38125 0.33046875 0.11640625 0.1125
2 0.86484375 0.41171875 0.10078125 0.1046875
2 0.8578125 0.303125 0.1046875 0.10234375
2 0.95390625 0.30234375 0.0921875 0.1140625
2 0.8515625 0.19375 0.103125 0.109375
2 0.95 0.190625 0.1 0.103125
2 0.0828125 0.53671875 0.0984375 0.11015625
2 0.01484375 0.5328125 0.0296875 0.109375
2 0.01875 0.63359375 0.03203125 0.0984375