3 0.87890625 0.303125 0.0984375 0.1328125
3 0.98515625 0.4359375 0.02890625 0.08046875
2 0.88125 0.140625 0.1109375 0.11484375
2 0.77421875 0.14140625 0.1125 0.11171875
2 0.66953125 0.14140625 0.1109375 0.11171875
2 0.56328125 0.14140625 0.115625 0.1140625
2 0.4890625 0.821875 0.1125 0.11953125
2 0.66953125 0.43359375 0.103125 0.1125
2 0.80234375 0.91953125 0.11171875 0.1203125
2 0.88125 0.4375 0.11171875 0.115625
2 0.9125 0.9234375 0.1140625 0.12265625
2 0.77734375 0.43359375 0.11171875 0.1125
2 0.5609375 0.4390625 0.11484375 0.1234375
2 0.378125 0.82734375 0.1125 0.12578125