3 0.18125 0.36015625 0.08984375 0.12109375
3 0.05078125 0.48125 0.09765625 0.0734375
2 0.18046875 0.2125 0.10078125 0.1046875
2 0.2765625 0.2125 0.10234375 0.1015625
2 0.37265625 0.2125 0.10078125 0.1015625
2 0.46875 0.2125 0.10546875 0.103125
2 0.53671875 0.83125 0.10234375 0.10859375
2 0.371875 0.47890625 0.09375 0.10234375
2 0.2515625 0.92109375 0.1015625 0.109375
2 0.1796875 0.4828125 0.1015625 0.10546875
2 0.1515625 0.9234375 0.103125 0.1109375
2 0.27421875 0.47890625 0.1015625 0.10234375
2 0.47109375 0.48359375 0.1046875 0.1125
2 0.6375 0.83671875 0.10234375 0.1140625