3 0.80703125 0.38828125 0.1 0.134375
3 0.95 0.521875 0.1 0.08125
2 0.80859375 0.22421875 0.11171875 0.11640625
2 0.70078125 0.22421875 0.1140625 0.1125
2 0.59453125 0.22421875 0.11171875 0.1125
2 0.4875 0.22421875 0.1171875 0.11484375
2 0.4125 0.91171875 0.1140625 0.1203125
2 0.5953125 0.5203125 0.10390625 0.1140625
2 0.7296875 0.975 0.1125 0.05
2 0.809375 0.52421875 0.1125 0.1171875
2 0.84140625 0.97578125 0.11640625 0.0484375
2 0.70390625 0.5203125 0.1125 0.1140625
2 0.48515625 0.52578125 0.11640625 0.125
2 0.30078125 0.9171875 0.1140625 0.12734375