3 0.5734375 0.19921875 0.08359375 0.12578125
3 0.5359375 0.06796875 0.08984375 0.12109375
8 0.9203125 0.16328125 0.128125 0.06640625
8 0.7015625 0.0296875 0.1265625 0.0546875
9 0.28984375 0.371875 0.0625 0.0578125
9 0.28828125 0.79609375 0.05703125 0.05390625
2 0.92734375 0.25859375 0.115625 0.11171875
2 0.7140625 0.25625 0.109375 0.11484375
2 0.06484375 0.171875 0.1203125 0.1140625
2 0.971875 0.05703125 0.05625 0.1046875
2 0.88671875 0.05390625 0.1 0.10625
2 0.6984375 0.3703125 0.10546875 0.1203125
2 0.59375 0.36953125 0.11171875 0.1265625
2 0.48984375 0.36953125 0.1140625 0.11796875
2 0.490625 0.53828125 0.12265625 0.1203125
2 0.4859375 0.7890625 0.115625 0.12265625
2 0.59375 0.790625 0.10234375 0.11796875
2 0.4859375 0.93359375 0.1140625 0.12109375
2 0.5921875 0.93515625 0.1 0.1171875
2 0.69609375 0.93359375 0.11171875 0.115625
2 0.7 0.790625 0.10859375 0.11953125
2 0.80546875 0.79375 0.115625 0.1265625