3 0.4734375 0.18125 0.0765625 0.1140625
3 0.5078125 0.06171875 0.08203125 0.11015625
8 0.15859375 0.1484375 0.11640625 0.0609375
8 0.3578125 0.0265625 0.115625 0.05
9 0.73125 0.3375 0.05625 0.053125
9 0.7328125 0.7234375 0.0515625 0.0484375
2 0.15234375 0.23515625 0.10546875 0.1015625
2 0.3453125 0.2328125 0.1 0.1046875
2 0.93671875 0.15625 0.109375 0.103125
2 0.084375 0.053125 0.1078125 0.09453125
2 0.1890625 0.04921875 0.090625 0.096875
2 0.36015625 0.33671875 0.0953125 0.109375
2 0.4546875 0.3359375 0.1015625 0.115625
2 0.55 0.3359375 0.103125 0.1078125
2 0.5484375 0.4890625 0.1109375 0.109375
2 0.55390625 0.71796875 0.10546875 0.1109375
2 0.45546875 0.71875 0.09296875 0.1078125
2 0.55390625 0.84921875 0.103125 0.11015625
2 0.45625 0.85 0.090625 0.10625
2 0.45859375 0.94609375 0.10078125 0.1046875
2 0.3625 0.8484375 0.1015625 0.10546875
2 0.35859375 0.71953125 0.0984375 0.10859375
2 0.2625 0.721875 0.10546875 0.115625