3 0.5203125 0.17109375 0.07734375 0.11640625
3 0.48671875 0.053125 0.084375 0.10625
8 0.840625 0.13828125 0.11796875 0.06171875
8 0.63984375 0.01953125 0.1171875 0.0390625
9 0.25859375 0.33046875 0.0578125 0.05390625
9 0.25703125 0.72265625 0.05234375 0.04921875
2 0.846875 0.2265625 0.10703125 0.103125
2 0.65078125 0.22421875 0.1015625 0.10625
2 0.053125 0.1453125 0.10625 0.10625
2 0.91640625 0.04453125 0.109375 0.0890625
2 0.81015625 0.04296875 0.09375 0.0859375
2 0.63515625 0.3296875 0.096875 0.1109375
2 0.5390625 0.32890625 0.103125 0.1171875
2 0.44296875 0.32890625 0.10546875 0.109375
2 0.44375 0.484375 0.11328125 0.1109375
2 0.4390625 0.71640625 0.10703125 0.11328125
2 0.5390625 0.7171875 0.09453125 0.109375
2 0.4390625 0.85 0.10546875 0.1125
2 0.5375 0.85078125 0.0921875 0.1078125
2 0.53671875 0.946875 0.1015625 0.10625
2 0.63359375 0.84921875 0.103125 0.10703125
2 0.63671875 0.71796875 0.1 0.11015625
2 0.734375 0.7203125 0.10703125 0.1171875