3 0.46484375 0.05625 0.0765625 0.1125
3 0.33515625 0.0546875 0.0796875 0.109375
8 0.1828125 0.0875 0.134375 0.053125
2 0.60234375 0.23203125 0.1078125 0.1140625
2 0.6015625 0.33203125 0.121875 0.11796875
2 0.09453125 0.4171875 0.10546875 0.109375
2 0.1015625 0.303125 0.109375 0.1078125
2 0.025 0.3015625 0.05 0.11875
2 0.1078125 0.18828125 0.10859375 0.11484375
2 0.02890625 0.18515625 0.05703125 0.1078125
2 0.91484375 0.5484375 0.103125 0.115625
2 0.98515625 0.54453125 0.0296875 0.11484375
2 0.98203125 0.65 0.03359375 0.103125