3 0.353125 0.26171875 0.0625 0.0953125
3 0.4703125 0.7109375 0.0578125 0.0953125
3 0.85234375 0.078125 0.0640625 0.0953125
2 0.159375 0.35078125 0.0984375 0.109375
2 0.28828125 0.0984375 0.11015625 0.115625
2 0.25390625 0.34765625 0.0953125 0.11328125
2 0.34453125 0.4234375 0.09453125 0.10078125
2 0.4328125 0.42265625 0.1078125 0.115625
2 0.77734375 0.59453125 0.11328125 0.1109375
2 0.915625 0.6984375 0.10859375 0.10859375
2 0.8078125 0.83671875 0.1046875 0.1078125
2 0.37109375 0.8 0.103125 0.11328125
2 0.2703125 0.7984375 0.1015625 0.1046875
2 0.17890625 0.8 0.0953125 0.103125
2 0.0828125 0.8 0.10078125 0.1140625
2 0.065625 0.353125 0.10234375 0.115625
2 0.3546875 0.94453125 0.1125 0.08984375
2 0.44921875 0.95 0.0953125 0.09453125
2 0.9171875 0.80390625 0.103125 0.1046875
2 0.98671875 0.8015625 0.0265625 0.10625