3 0.634375 0.2703125 0.06796875 0.1046875
3 0.50703125 0.7609375 0.06328125 0.1046875
3 0.0890625 0.0703125 0.0703125 0.1046875
2 0.84609375 0.3671875 0.1078125 0.11953125
2 0.70546875 0.0921875 0.1203125 0.12578125
2 0.74296875 0.3640625 0.1046875 0.1234375
2 0.64453125 0.446875 0.103125 0.11015625
2 0.54765625 0.44609375 0.1171875 0.12578125
2 0.171875 0.634375 0.1234375 0.121875
2 0.040625 0.74609375 0.08125 0.1171875
2 0.13828125 0.8984375 0.1140625 0.1171875
2 0.61484375 0.8578125 0.11328125 0.1234375
2 0.725 0.85625 0.1109375 0.1140625
2 0.825 0.8578125 0.1046875 0.11328125
2 0.93046875 0.85859375 0.11015625 0.125
2 0.94609375 0.3703125 0.1078125 0.1265625
2 0.6328125 0.9828125 0.12265625 0.034375
2 0.53046875 0.984375 0.10546875 0.03046875
2 0.03828125 0.8625 0.0765625 0.1140625