3 0.5296875 0.84296875 0.09453125 0.078125
3 0.446875 0.9703125 0.0875 0.059375
2 0.878125 0.83828125 0.103125 0.115625
2 0.9640625 0.8421875 0.071875 0.11796875
2 0.784375 0.8421875 0.11171875 0.11484375
2 0.6765625 0.83984375 0.1 0.11640625
2 0.59375 0.95625 0.10625 0.0875
2 0.69296875 0.9578125 0.1046875 0.084375
2 0.7953125 0.95859375 0.103125 0.0828125
2 0.89609375 0.96015625 0.1015625 0.0796875
2 0.13828125 0.84921875 0.115625 0.11171875
2 0.04375 0.84765625 0.0875 0.1171875
2 0.13515625 0.94765625 0.1 0.1046875
2 0.0453125 0.95 0.08984375 0.1