3 0.7328125 0.35859375 0.0921875 0.078125
3 0.603125 0.7484375 0.06328125 0.09921875
2 0.37734375 0.3546875 0.1015625 0.11796875
2 0.88671875 0.62265625 0.11640625 0.11328125
2 0.59453125 0.4796875 0.10625 0.11953125
2 0.58203125 0.3515625 0.10703125 0.10078125
2 0.63984375 0.41171875 0.00078125 0.00078125
2 0.29296875 0.86953125 0.11796875 0.11796875
2 0.26796875 0.35703125 0.11875 0.121875
2 0.10859375 0.63515625 0.1109375 0.11953125
2 0.1078125 0.734375 0.115625 0.11015625
2 0.1109375 0.8453125 0.10703125 0.11015625
2 0.396875 0.86796875 0.103125 0.1109375
2 0.4953125 0.86796875 0.10078125 0.1015625
2 0.6015625 0.871875 0.1140625 0.11015625
2 0.915625 0.884375 0.11328125 0.11015625
2 0.4234375 0.97265625 0.1015625 0.05390625
2 0.02890625 0.84609375 0.0578125 0.10859375
2 0.02890625 0.73828125 0.0578125 0.11015625