3 0.4046875 0.0671875 0.0890625 0.075
3 0.20078125 0.24921875 0.10234375 0.06328125
3 0.1828125 0.13046875 0.065625 0.0921875
3 0.96171875 0.25 0.07578125 0.0671875
3 0.96484375 0.37109375 0.0703125 0.0765625
8 0.98125 0.50703125 0.0375 0.13203125
3 0.1453125 0.703125 0.09921875 0.07421875
2 0.14140625 0.49921875 0.1109375 0.11640625
0 0.03828125 0.625 0.07578125 0.1453125
2 0.540625 0.37109375 0.11015625 0.11640625
2 0.5453125 0.06328125 0.11640625 0.11484375
2 0.85625 0.0671875 0.1078125 0.11328125
2 0.75078125 0.06640625 0.09921875 0.11484375
2 0.75390625 0.24765625 0.1 0.12109375
2 0.5484375 0.2484375 0.11015625 0.1140625
2 0.06484375 0.246875 0.11171875 0.10859375
2 0.6484375 0.37265625 0.1109375 0.1140625
2 0.7515625 0.36953125 0.10625 0.10546875
2 0.853125 0.37109375 0.1203125 0.10859375
2 0.85625 0.5046875 0.10859375 0.11484375
2 0.17734375 0.03125 0.1015625 0.0625
2 0.06484375 0.353125 0.1078125 0.10859375
2 0.646875 0.07109375 0.10234375 0.11328125
2 0.65078125 0.246875 0.0890625 0.10859375
2 0.85625 0.24921875 0.0953125 0.10859375
2 0.07734375 0.03203125 0.11484375 0.0640625
2 0.0046875 0.35 0.009375 0.109375
2 0.00625 0.24609375 0.01171875 0.10625