3 0.3859375 0.0390625 0.0859375 0.07265625
3 0.18828125 0.215625 0.09921875 0.06171875
3 0.17109375 0.10078125 0.06328125 0.0890625
3 0.93515625 0.2171875 0.0890625 0.06484375
3 0.93984375 0.334375 0.084375 0.07578125
8 0.96015625 0.46640625 0.06171875 0.128125
3 0.134375 0.65625 0.09609375 0.071875
2 0.13046875 0.45859375 0.1078125 0.1125
0 0.03359375 0.58046875 0.0671875 0.140625
2 0.51875 0.33359375 0.10625 0.1125
2 0.521875 0.0453125 0.11328125 0.08984375
2 0.82421875 0.046875 0.1046875 0.09375
2 0.721875 0.046875 0.096875 0.09375
2 0.725 0.2140625 0.09765625 0.11796875
2 0.52578125 0.21484375 0.10625 0.1109375
2 0.05625 0.21328125 0.10859375 0.10546875
2 0.62265625 0.3359375 0.1078125 0.1109375
2 0.72265625 0.3328125 0.103125 0.10234375
2 0.821875 0.334375 0.1171875 0.10546875
2 0.82421875 0.46328125 0.10546875 0.11171875
2 0.165625 0.0171875 0.0984375 0.034375
2 0.05625 0.31640625 0.1046875 0.10546875
2 0.6203125 0.0484375 0.1 0.096875
2 0.625 0.21328125 0.0859375 0.10546875
2 0.825 0.215625 0.0921875 0.10546875
2 0.06875 0.01796875 0.11171875 0.0359375