3 0.68046875 0.35078125 0.08515625 0.071875
3 0.5609375 0.71015625 0.05859375 0.0921875
2 0.35234375 0.346875 0.09375 0.10859375
2 0.821875 0.59453125 0.1078125 0.1046875
2 0.9546875 0.7015625 0.08984375 0.10078125
2 0.553125 0.4625 0.09765625 0.11015625
2 0.54140625 0.34453125 0.0984375 0.09296875
2 0.59453125 0.4 0.00078125 0.00078125
2 0.275 0.821875 0.10859375 0.10859375
2 0.2515625 0.34921875 0.109375 0.1125
2 0.1046875 0.60625 0.10234375 0.11015625
2 0.10390625 0.696875 0.10625 0.1015625
2 0.10703125 0.8 0.0984375 0.1015625
2 0.3703125 0.82109375 0.09453125 0.10234375
2 0.46171875 0.8203125 0.09296875 0.09375
2 0.559375 0.82421875 0.10546875 0.1015625
2 0.84921875 0.8359375 0.1046875 0.1015625
2 0.95859375 0.8 0.0828125 0.103125
2 0.3953125 0.94609375 0.09375 0.1078125
2 0.0296875 0.8 0.05859375 0.10078125
2 0.0296875 0.70234375 0.05859375 0.1015625