3 0.68125 0.303125 0.0921875 0.078125
3 0.5515625 0.69140625 0.06328125 0.09921875
2 0.32734375 0.29921875 0.1015625 0.1171875
2 0.83515625 0.56640625 0.11640625 0.11328125
2 0.9640625 0.68046875 0.071875 0.1109375
2 0.54375 0.42421875 0.10546875 0.11953125
2 0.53125 0.29609375 0.10625 0.1
2 0.58828125 0.35625 0.00078125 0.00078125
2 0.24296875 0.8125 0.1171875 0.1171875
2 0.21796875 0.3015625 0.11796875 0.12109375
2 0.059375 0.57890625 0.1109375 0.11953125
2 0.05859375 0.678125 0.11484375 0.11015625
2 0.06171875 0.78828125 0.10625 0.11015625
2 0.346875 0.81171875 0.10234375 0.1109375
2 0.44453125 0.8109375 0.1 0.1015625
2 0.55078125 0.81484375 0.1140625 0.11015625
2 0.8640625 0.82734375 0.11328125 0.11015625
2 0.96875 0.7890625 0.0625 0.11171875
2 0.37265625 0.94375 0.1015625 0.1125