3 0.7421875 0.2328125 0.09296875 0.084375
3 0.6859375 0.0484375 0.0953125 0.06953125
3 0.7390625 0.35546875 0.0953125 0.0796875
7 0.821875 0.3546875 0.04453125 0.08203125
8 0.76640625 0.49609375 0.0625 0.12890625
2 0.5296875 0.49765625 0.11640625 0.11328125
2 0.21328125 0.04921875 0.11953125 0.0984375
2 0.3171875 0.0515625 0.103125 0.103125
2 0.42421875 0.0515625 0.1046875 0.103125
2 0.53125 0.053125 0.1109375 0.10546875
2 0.53359375 0.23125 0.1078125 0.11171875
2 0.53515625 0.35546875 0.10390625 0.115625
2 0.42734375 0.22890625 0.10703125 0.11328125
2 0.4296875 0.35625 0.11484375 0.1203125
2 0.32265625 0.35625 0.0953125 0.11796875
2 0.2140625 0.35390625 0.11171875 0.115625
2 0.2140625 0.2328125 0.10703125 0.11171875
2 0.3203125 0.2328125 0.10703125 0.115625