3 0.6921875 0.23359375 0.084375 0.0765625
3 0.64140625 0.0671875 0.0859375 0.0625
3 0.6890625 0.34453125 0.0859375 0.071875
7 0.7640625 0.34375 0.03984375 0.07421875
8 0.7140625 0.47109375 0.05625 0.11640625
2 0.5 0.4734375 0.10546875 0.10234375
2 0.215625 0.06484375 0.1078125 0.096875
2 0.31015625 0.0671875 0.09296875 0.10234375
2 0.40703125 0.06875 0.09453125 0.1
2 0.50234375 0.0671875 0.10078125 0.1046875
2 0.50390625 0.23203125 0.09765625 0.10078125
2 0.5046875 0.34453125 0.09375 0.1046875
2 0.4078125 0.2296875 0.096875 0.10234375
2 0.41015625 0.3453125 0.103125 0.10859375
2 0.31328125 0.3453125 0.0859375 0.10625
2 0.215625 0.34296875 0.10078125 0.1046875
2 0.215625 0.23359375 0.096875 0.10078125
2 0.3109375 0.23359375 0.096875 0.1046875