3 0.4828125 0.83828125 0.0890625 0.0734375
3 0.56328125 0.9640625 0.0828125 0.0640625
2 0.15703125 0.834375 0.096875 0.10859375
2 0.059375 0.8390625 0.10078125 0.11015625
2 0.24453125 0.8375 0.1046875 0.1078125
2 0.3453125 0.8359375 0.09375 0.109375
2 0.4234375 0.95234375 0.1 0.0953125
2 0.33046875 0.95390625 0.0984375 0.0921875
2 0.23515625 0.9546875 0.09765625 0.08984375
2 0.13984375 0.95546875 0.0953125 0.0890625
2 0.85 0.84453125 0.10859375 0.1046875
2 0.94921875 0.84375 0.1015625 0.109375
2 0.85390625 0.940625 0.09296875 0.10625
2 0.94765625 0.94296875 0.1046875 0.1015625