3 0.26796875 0.21875 0.09140625 0.0828125
3 0.3234375 0.0375 0.09375 0.06796875
3 0.27109375 0.340625 0.09375 0.07890625
7 0.1890625 0.33984375 0.04375 0.08125
8 0.24453125 0.47890625 0.06171875 0.1265625
2 0.478125 0.48125 0.11484375 0.11171875
2 0.7890625 0.04375 0.11796875 0.08671875
2 0.6859375 0.04609375 0.10234375 0.0921875
2 0.58125 0.04609375 0.10390625 0.0921875
2 0.47578125 0.046875 0.109375 0.09375
2 0.4734375 0.2171875 0.10703125 0.11015625
2 0.47265625 0.33984375 0.10234375 0.1140625
2 0.57890625 0.215625 0.10546875 0.11171875
2 0.57578125 0.34140625 0.11328125 0.11875
2 0.68125 0.34140625 0.09375 0.11640625
2 0.7890625 0.3390625 0.11015625 0.1140625
2 0.7890625 0.21953125 0.10546875 0.11015625
2 0.684375 0.21953125 0.10546875 0.1140625