3 0.40703125 0.0671875 0.08203125 0.06953125
3 0.21796875 0.23515625 0.09453125 0.05859375
3 0.20234375 0.12578125 0.0609375 0.08515625
3 0.93046875 0.23671875 0.08515625 0.06171875
3 0.934375 0.3484375 0.0796875 0.071875
8 0.95390625 0.47421875 0.05859375 0.121875
3 0.1671875 0.65546875 0.0921875 0.06875
2 0.16328125 0.4671875 0.10234375 0.1078125
0 0.0515625 0.584375 0.103125 0.134375
2 0.5328125 0.34765625 0.1015625 0.1078125
2 0.5375 0.06328125 0.1078125 0.10625
2 0.825 0.0671875 0.1 0.1046875
2 0.72734375 0.065625 0.0921875 0.10625
2 0.7296875 0.23359375 0.09296875 0.1125
2 0.53984375 0.234375 0.1015625 0.10546875
2 0.09296875 0.2328125 0.103125 0.10078125
2 0.63203125 0.35 0.10234375 0.10546875
2 0.728125 0.346875 0.0984375 0.09765625
2 0.821875 0.3484375 0.1109375 0.10078125
2 0.825 0.47109375 0.10078125 0.10625
2 0.196875 0.03125 0.09375 0.0625
2 0.09296875 0.33125 0.09921875 0.10078125
2 0.63125 0.07109375 0.09453125 0.1046875
2 0.634375 0.2328125 0.08203125 0.10078125
2 0.825 0.23515625 0.0875 0.10078125
2 0.10625 0.03203125 0.10625 0.0640625
2 0.021875 0.3296875 0.04296875 0.1015625
2 0.021875 0.23203125 0.04375 0.0984375