3 0.3359375 0.2640625 0.0671875 0.103125
3 0.4609375 0.746875 0.06171875 0.103125
3 0.871875 0.0671875 0.06953125 0.103125
2 0.128125 0.359375 0.10625 0.1171875
2 0.26640625 0.0890625 0.11875 0.1234375
2 0.22890625 0.35625 0.103125 0.121875
2 0.32578125 0.4375 0.1015625 0.1078125
2 0.42109375 0.4375 0.115625 0.1234375
2 0.79140625 0.621875 0.121875 0.11953125
2 0.93984375 0.73359375 0.11640625 0.11640625
2 0.82421875 0.88203125 0.1125 0.115625
2 0.3546875 0.8421875 0.1109375 0.121875
2 0.246875 0.840625 0.109375 0.1125
2 0.1484375 0.8421875 0.103125 0.1109375
2 0.04921875 0.840625 0.0984375 0.121875
2 0.04140625 0.3625 0.08203125 0.12421875
2 0.33671875 0.9734375 0.1203125 0.053125
2 0.43828125 0.97578125 0.10390625 0.0484375
2 0.94140625 0.846875 0.1109375 0.1125