3 0.5046875 0.871875 0.09375 0.07734375
3 0.58828125 0.98515625 0.0875 0.0296875
2 0.1609375 0.86796875 0.10234375 0.11484375
2 0.0578125 0.8734375 0.10625 0.11640625
2 0.253125 0.871875 0.11015625 0.11328125
2 0.36015625 0.86953125 0.09921875 0.115625
2 0.4421875 0.97109375 0.10546875 0.0578125
2 0.34375 0.97265625 0.10390625 0.0546875
2 0.2421875 0.9734375 0.10234375 0.053125
2 0.14296875 0.97421875 0.10078125 0.05078125
2 0.89296875 0.878125 0.11484375 0.11015625
2 0.971875 0.878125 0.05625 0.115625
2 0.89609375 0.96171875 0.09921875 0.07578125
2 0.9703125 0.9640625 0.059375 0.071875